8 0.9134897360703812 0.935546875 0.17302052785923755 0.12890625
8 0.9097067448680352 0.6807421875 0.1424486803519063 0.10629882812499991
12 0.5312463343108504 0.86984375 0.14790322580645163 0.16021484374999995
11 0.4988123167155425 0.964599609375 0.09878299120234604 0.07080078125
8 0.378108504398827 0.688603515625 0.1739442815249267 0.10205078125
7 0.14373900293255132 0.53857421875 0.14675953079178883 0.09002929687500005
8 0.4144281524926686 0.62873046875 0.15524926686217008 0.11630859374999991
8 0.9369501466275659 0.4169921875 0.12609970674486803 0.099609375
10 0.8540909090909091 0.605380859375 0.13546920821114383 0.1163476562500001
8 0.10972140762463344 0.638251953125 0.1552932551319648 0.11635742187500009
7 0.16824046920821115 0.443017578125 0.16473607038123167 0.107421875
8 0.5753225806451613 0.2516796875 0.10486803519061581 0.09102539062500001
0 0.564384164222874 0.3147265625 0.06326979472140759 0.06088867187500002
11 0.846524926686217 0.2710546875 0.06648093841642216 0.09562499999999999
8 0.8507478005865103 0.206962890625 0.06885630498533729 0.06602539062500001
8 0.959266862170088 0.498671875 0.08146627565982396 0.08369140625000004
8 0.47029325513196485 0.498662109375 0.1316422287390029 0.07594726562499998
8 0.47240469208211144 0.429521484375 0.1189442815249267 0.07103515625000001
8 0.48032258064516126 0.181728515625 0.09639296187683286 0.06015625000000002
8 0.21501466275659822 0.391005859375 0.10954545454545452 0.10388671875
8 0.24346041055718473 0.311103515625 0.12640762463343105 0.07733398437499994
8 0.20231671554252198 0.300615234375 0.10848973607038125 0.08533203125
9 0.3223607038123167 0.184208984375 0.049325513196480916 0.04835937499999998
8 0.27312316715542523 0.2508984375 0.1013343108504399 0.06276367187499998
7 0.30486803519061584 0.126435546875 0.07177419354838709 0.06839843750000002
12 0.33592375366568916 0.1470703125 0.041671554252199434 0.040126953124999976
8 0.24337243401759528 0.205361328125 0.05296187683284458 0.043154296875
8 0.3428885630498534 0.05412109375 0.07662756598240472 0.035009765624999994
8 0.45483870967741935 0.3875390625 0.13508797653958943 0.06451171875000006
8 0.7850586510263929 0.34802734375 0.12043988269794728 0.07122070312500006
6 0.7878445747800585 0.4371484375 0.11904692082111445 0.06637695312500003
8 0.7509530791788857 0.183935546875 0.08007331378299114 0.03968749999999999
8 0.773841642228739 0.106337890625 0.046407624633431135 0.0316796875
8 0.7221700879765396 0.0674609375 0.06945747800586502 0.040830078125
8 0.6936363636363636 0.11219726562499999 0.040234604105571926 0.046865234374999995
8 0.5063489736070381 0.0865234375 0.06812316715542527 0.052001953125
0 0.5199120234604105 0.129921875 0.03403225806451618 0.03124023437500001