11 0.7242083333333333 0.6323703703703704 0.03441666666666663 0.16103703703703712
11 0.8240416666666667 0.6291851851851852 0.07041666666666657 0.21818518518518507
6 0.7331249999999999 0.47800000000000004 0.07012499999999994 0.16707407407407412
6 0.8172708333333334 0.467 0.06133333333333345 0.12129629629629629
6 0.17333333333333334 0.6114444444444445 0.08627083333333332 0.1668518518518519
6 0.25585416666666666 0.5785185185185184 0.07837500000000001 0.12477777777777777
11 0.2697083333333333 0.6976666666666667 0.06762499999999999 0.12374074074074062
6 0.3330416666666667 0.5920740740740741 0.06422916666666663 0.12607407407407414
11 0.5604583333333333 0.5856666666666667 0.02000000000000005 0.07559259259259268
11 0.5890000000000001 0.5794444444444444 0.017375000000000067 0.06903703703703698
6 0.5580625 0.5191481481481481 0.020791666666666705 0.07448148148148154
6 0.5844374999999999 0.526074074074074 0.02972916666666663 0.06059259259259264