11 0.10946753246753248 0.735111111111111 0.06802597402597402 0.4057777777777779
10 0.1162857142857143 0.4039444444444444 0.061961038961038974 0.28991666666666666
9 0.18466233766233767 0.6434166666666666 0.05477922077922079 0.22241666666666657
10 0.17946753246753247 0.41727777777777775 0.06470129870129869 0.21877777777777777
11 0.2652987012987013 0.7131666666666667 0.0835974025974026 0.36744444444444435
6 0.26635064935064934 0.44380555555555556 0.1013246753246753 0.3740833333333334
8 0.24790909090909088 0.41758333333333336 0.03951948051948053 0.26513888888888887
11 0.3723116883116883 0.7045555555555555 0.060831168831168875 0.3446666666666667
6 0.36133766233766235 0.42491666666666666 0.09705194805194807 0.26741666666666664
7 0.45659740259740256 0.45161111111111113 0.07915584415584422 0.2415555555555555
11 0.45594805194805194 0.7305277777777778 0.07525974025974032 0.34383333333333327
11 0.5415194805194805 0.7180277777777778 0.06474025974025976 0.32438888888888884
7 0.5428181818181819 0.4273055555555556 0.09576623376623378 0.3012777777777777
5 0.6097012987012987 0.5431111111111111 0.07436363636363635 0.4060000000000001
11 0.6837272727272727 0.7358055555555555 0.07696103896103895 0.3710555555555557
7 0.6902857142857143 0.4153333333333334 0.10150649350649354 0.33936111111111117
11 0.8103376623376624 0.761361111111111 0.05490909090909087 0.2888333333333334
6 0.7959870129870129 0.4943888888888889 0.08749350649350665 0.29377777777777775
7 0.8820909090909091 0.49241666666666667 0.0737402597402597 0.34905555555555556
11 0.8955974025974026 0.7284166666666667 0.0591948051948051 0.24094444444444446