11 0.9664725643896976 0.3471388888888889 0.039115341545352816 0.18055555555555555
11 0.9496192609182531 0.8264444444444444 0.04648376259798431 0.1554722222222223
6 0.958969764837626 0.6698888888888888 0.07257558790593499 0.17569444444444443
6 0.968320268756999 0.20086111111111113 0.05942889137737955 0.15450000000000003
6 0.899484882418813 0.32719444444444445 0.040033594624860024 0.1733611111111111
11 0.8888241881298993 0.8086111111111112 0.04292273236282187 0.1754166666666666
6 0.9023852183650616 0.1757222222222222 0.0447704367301232 0.15469444444444444
6 0.8900111982082867 0.6411111111111112 0.053729003359462506 0.18355555555555567
11 0.8246024636058231 0.7697222222222223 0.04094064949608057 0.15644444444444458
11 0.8462709966405375 0.30152777777777773 0.04107502799552079 0.13836111111111113
4 0.8274356103023516 0.6281944444444445 0.055039193729003205 0.1544444444444445
4 0.8442217245240762 0.17733333333333334 0.058913773796192496 0.14927777777777781
10 0.7776371780515118 0.16605555555555557 0.056147816349383955 0.1554722222222222
10 0.7680851063829787 0.6193888888888889 0.056483762597984384 0.15641666666666668
11 0.7688689809630459 0.79425 0.04435610302351613 0.21200000000000013
11 0.7734826427771557 0.3159166666666667 0.048309070548712064 0.19327777777777783
11 0.7210526315789474 0.312 0.03724524076147815 0.1854444444444444
11 0.664535274356103 0.33063888888888887 0.031702127659574406 0.1508055555555556
11 0.6000559910414334 0.3285 0.046058230683090576 0.18902777777777774
11 0.5390593505039194 0.33405555555555555 0.038936170212765936 0.15438888888888894
11 0.47431131019036954 0.33666666666666667 0.043269876819708834 0.15961111111111112
11 0.4165509518477044 0.32408333333333333 0.04155655095184759 0.20308333333333328
11 0.3509406494960806 0.31119444444444444 0.05683090705487122 0.18708333333333324
11 0.2816461366181411 0.3177222222222222 0.042586786114221696 0.20013888888888892
11 0.1729675251959687 0.3074166666666667 0.03599104143337077 0.20244444444444443
11 0.11473684210526319 0.3338888888888889 0.03651735722284423 0.13119444444444442
11 0.05190369540873463 0.33602777777777776 0.04889137737961935 0.17138888888888887
11 0.7084770436730125 0.7966944444444445 0.037368421052631454 0.18097222222222215
11 0.5946472564389698 0.8066388888888889 0.04062709966405372 0.19455555555555545
11 0.653538633818589 0.8099166666666666 0.03394176931690923 0.16494444444444442
11 0.5314221724524076 0.8120555555555555 0.03840985442329222 0.17899999999999983
11 0.46238521836506163 0.8256111111111112 0.044714445688689756 0.1701944444444444
11 0.4015341545352744 0.79425 0.045240761478163596 0.22508333333333325
11 0.3374356103023517 0.7818333333333333 0.05089585666293398 0.2002500000000001
11 0.27809630459126544 0.7837777777777778 0.041802911534154455 0.19108333333333324
11 0.15333706606942885 0.7707222222222222 0.04625979843225078 0.2433888888888889
11 0.03780515117581186 0.7909722222222222 0.037558790593505 0.21855555555555573
10 0.7193393057110863 0.17455555555555557 0.04628219484882411 0.11233333333333333
10 0.7079507278835386 0.6826111111111112 0.054232922732362895 0.1423611111111111
6 0.664535274356103 0.20202777777777778 0.0633146696528555 0.12561111111111112
8 0.6649384098544232 0.2018611111111111 0.017737961926091988 0.12855555555555556
6 0.6510974244120942 0.6695555555555555 0.048040313549832125 0.1423611111111111
7 0.6047928331466964 0.1943333333333333 0.047110862262038256 0.14619444444444443
7 0.5957110862262038 0.6620277777777778 0.05211646136618137 0.16002777777777782
6 0.5295072788353864 0.6404722222222222 0.07779395296752523 0.19530555555555573
6 0.5386002239641657 0.17980555555555558 0.055923852183650674 0.17005555555555554
10 0.47398656215005597 0.20430555555555555 0.04788353863381858 0.1628611111111111
10 0.4613325867861143 0.6764166666666667 0.05209406494960804 0.14955555555555564
7 0.40297872340425533 0.6463333333333333 0.05552071668533026 0.14172222222222217
7 0.41522956326987676 0.18894444444444444 0.06526315789473681 0.15175
7 0.3335498320268757 0.6345833333333333 0.04945128779395306 0.13125
7 0.35304591265397534 0.17897222222222225 0.05260918253079509 0.13508333333333333
8 0.27967525195968646 0.6229722222222223 0.04918253079507287 0.15705555555555561
8 0.28408734602463614 0.15838888888888888 0.054837625979843256 0.13963888888888887
5 0.22171332586786116 0.6731388888888888 0.04917133258678621 0.22147222222222226
5 0.2257894736842105 0.21819444444444444 0.043639417693169126 0.20044444444444443
7 0.17072788353863386 0.14777777777777779 0.0536394176931692 0.13474999999999998
10 0.15360582306830903 0.6064722222222223 0.06681970884658463 0.1796111111111112
5 0.09359462486002244 0.6956944444444444 0.04059350503919373 0.1946666666666668
6 0.11223964165733484 0.19386111111111112 0.049417693169093065 0.1680833333333333
8 0.05348264277715564 0.1786388888888889 0.0457222844344904 0.15402777777777774
7 0.03642777155655092 0.6327777777777778 0.0537625979843225 0.15052777777777776