11 0.8905324675324676 0.735111111111111 0.06802597402597417 0.4057777777777779
10 0.8837142857142858 0.4039444444444444 0.06196103896103901 0.28991666666666666
9 0.8153376623376623 0.6434166666666666 0.054779220779220865 0.22241666666666648
10 0.8205324675324674 0.41727777777777775 0.06470129870129862 0.21877777777777777
11 0.7347012987012987 0.7131666666666667 0.08359740259740246 0.36744444444444435
6 0.7336493506493507 0.44380555555555556 0.1013246753246753 0.3740833333333334
8 0.7520909090909091 0.41758333333333336 0.0395194805194806 0.26513888888888887
11 0.6276883116883116 0.7045555555555555 0.060831168831168875 0.3446666666666668
6 0.6386623376623376 0.42491666666666666 0.09705194805194807 0.26741666666666664
7 0.5434025974025974 0.45161111111111113 0.07915584415584422 0.2415555555555555
11 0.5440519480519481 0.7305277777777778 0.07525974025974032 0.34383333333333327
11 0.45848051948051943 0.7180277777777778 0.06474025974025976 0.32438888888888884
7 0.45718181818181813 0.4273055555555556 0.09576623376623378 0.3012777777777777
5 0.39029870129870126 0.5431111111111111 0.07436363636363635 0.4060000000000001
11 0.31627272727272726 0.7358055555555555 0.07696103896103895 0.3710555555555557
7 0.3097142857142857 0.4153333333333334 0.10150649350649357 0.33936111111111117
11 0.18966233766233762 0.761361111111111 0.05490909090909087 0.2888333333333334
6 0.20401298701298706 0.4943888888888889 0.08749350649350665 0.29377777777777775
7 0.11790909090909087 0.49241666666666667 0.0737402597402597 0.3490555555555556
11 0.10440259740259739 0.7284166666666667 0.0591948051948051 0.24094444444444446