11 0.03352743561030235 0.3471388888888889 0.03911534154535274 0.18055555555555555
11 0.05038073908174692 0.8264444444444444 0.04648376259798433 0.1554722222222223
6 0.04103023516237402 0.6698888888888888 0.07257558790593505 0.17569444444444438
6 0.03167973124300112 0.20086111111111113 0.059428891377379625 0.15450000000000003
6 0.10051511758118702 0.32719444444444445 0.040033594624860024 0.1733611111111111
11 0.11117581187010078 0.8086111111111112 0.04292273236282193 0.1754166666666666
6 0.0976147816349384 0.1757222222222222 0.04477043673012317 0.1546944444444444
6 0.10998880179171333 0.6411111111111112 0.05372900335946247 0.18355555555555558
11 0.17539753639417693 0.7697222222222223 0.04094064949608063 0.1564444444444445
11 0.1537290033594625 0.30152777777777773 0.04107502799552072 0.13836111111111107
4 0.17256438969764837 0.6281944444444445 0.05503919372900334 0.1544444444444445
4 0.15577827547592388 0.17733333333333334 0.05891377379619262 0.14927777777777781
10 0.22236282194848822 0.16605555555555557 0.05614781634938408 0.1554722222222222
10 0.23191489361702128 0.6193888888888889 0.05648376259798432 0.15641666666666668
11 0.2311310190369541 0.79425 0.04435610302351625 0.21200000000000005
11 0.22651735722284436 0.3159166666666667 0.04830907054871219 0.19327777777777783
11 0.27894736842105267 0.312 0.037245240761478185 0.1854444444444444
11 0.33546472564389695 0.33063888888888887 0.031702127659574406 0.15080555555555558
11 0.3999440089585666 0.3285 0.0460582306830907 0.18902777777777774
11 0.46094064949608066 0.33405555555555555 0.038936170212765936 0.15438888888888894
11 0.5256886898096305 0.33666666666666667 0.043269876819708834 0.15961111111111112
11 0.5834490481522956 0.32408333333333333 0.041556550951847654 0.20308333333333328
11 0.6490593505039194 0.31119444444444444 0.05683090705487122 0.18708333333333327
11 0.7183538633818589 0.3177222222222222 0.042586786114221696 0.20013888888888892
11 0.8270324748040313 0.3074166666666667 0.03599104143337077 0.20244444444444448
11 0.8852631578947368 0.3338888888888889 0.03651735722284423 0.13119444444444442
11 0.9480963045912654 0.33602777777777776 0.04889137737961935 0.17138888888888887
11 0.29152295632698766 0.7966944444444445 0.037368421052631585 0.18097222222222215
11 0.40535274356103024 0.8066388888888889 0.04062709966405372 0.19455555555555554
11 0.34646136618141093 0.8099166666666666 0.03394176931690923 0.16494444444444442
11 0.46857782754759236 0.8120555555555555 0.03840985442329222 0.17899999999999983
11 0.5376147816349384 0.8256111111111112 0.044714445688689756 0.1701944444444444
11 0.5984658454647256 0.79425 0.045240761478163596 0.22508333333333325
11 0.6625643896976483 0.7818333333333333 0.05089585666293398 0.2002500000000001
11 0.7219036954087346 0.7837777777777778 0.041802911534154455 0.1910833333333333
11 0.8466629339305711 0.7707222222222222 0.04625979843225078 0.2433888888888889
11 0.9621948488241882 0.7909722222222222 0.037558790593505 0.21855555555555564
10 0.28066069428891377 0.17455555555555557 0.046282194848824204 0.11233333333333333
10 0.29204927211646137 0.6826111111111112 0.0542329227323628 0.1423611111111111
6 0.33546472564389695 0.20202777777777778 0.0633146696528555 0.12561111111111112
8 0.3350615901455767 0.2018611111111111 0.01773796192609186 0.12855555555555556
6 0.34890257558790594 0.6695555555555555 0.048040313549832 0.14236111111111102
7 0.3952071668533035 0.1943333333333333 0.04711086226203813 0.14619444444444443
7 0.40428891377379617 0.6620277777777778 0.05211646136618137 0.16002777777777774
6 0.47049272116461366 0.6404722222222222 0.07779395296752523 0.19530555555555565
6 0.46139977603583426 0.17980555555555558 0.055923852183650674 0.17005555555555554
10 0.526013437849944 0.20430555555555555 0.04788353863381858 0.1628611111111111
10 0.5386674132138858 0.6764166666666667 0.05209406494960804 0.14955555555555564
7 0.5970212765957447 0.6463333333333333 0.05552071668533033 0.14172222222222217
7 0.5847704367301232 0.18894444444444444 0.06526315789473681 0.15175
7 0.6664501679731243 0.6345833333333333 0.04945128779395306 0.13125
7 0.6469540873460247 0.17897222222222225 0.05260918253079509 0.13508333333333333
8 0.7203247480403135 0.6229722222222223 0.04918253079507287 0.15705555555555561
8 0.7159126539753639 0.15838888888888888 0.054837625979843256 0.13963888888888887
5 0.7782866741321388 0.6731388888888888 0.04917133258678621 0.22147222222222218
5 0.7742105263157895 0.21819444444444444 0.043639417693169126 0.20044444444444443
7 0.8292721164613661 0.14777777777777779 0.0536394176931692 0.13474999999999998
10 0.846394176931691 0.6064722222222223 0.06681970884658463 0.1796111111111112
5 0.9064053751399775 0.6956944444444444 0.04059350503919373 0.1946666666666667
6 0.8877603583426652 0.19386111111111112 0.049417693169093065 0.1680833333333333
8 0.9465173572228444 0.1786388888888889 0.0457222844344904 0.15402777777777776
7 0.963572228443449 0.6327777777777778 0.0537625979843225 0.15052777777777776