10 0.912 0.45888283378746597 0.176 0.3229791099000908
11 0.9253333333333333 0.7537057220708447 0.14933333333333335 0.27943687556766583
11 0.5437533333333333 0.7834150772025431 0.10998666666666668 0.2117075386012715
11 0.34481333333333336 0.8643869209809265 0.13305999999999998 0.06015440508628521
11 0.17482666666666669 0.700236148955495 0.10736666666666665 0.22440508628519523
11 0.05312000000000001 0.6421071752951862 0.10395333333333334 0.24307901907356957
11 0.7778466666666667 0.6135603996366938 0.11135999999999997 0.3105540417801999
11 0.69632 0.4610808356039963 0.06997333333333336 0.210599455040872
7 0.55118 0.5434877384196185 0.20484 0.3157311534968211
11 0.6208933333333334 0.47924613987284287 0.09283999999999999 0.1950317892824705
6 0.35158666666666666 0.6553496821071753 0.2857733333333334 0.3993188010899183
6 0.17006 0.45952770208901 0.17021999999999998 0.28015440508628514
10 0.05333333333333334 0.4028156221616712 0.10666666666666667 0.24795640326975477
6 0.41528666666666664 0.37816530426884654 0.1597133333333333 0.2393914623069936
10 0.2636733333333333 0.2847320617620345 0.15364000000000003 0.20822888283378746
11 0.26405999999999996 0.4435603996366939 0.07821333333333337 0.12106267029972749
10 0.7691666666666667 0.36466848319709355 0.18938666666666662 0.23316076294277932
10 0.6331866666666667 0.31247956403269755 0.12067333333333326 0.1670481380563124
10 0.06724 0.21452316076294278 0.13447333333333333 0.1534514078110808
7 0.2898733333333333 0.2077747502270663 0.12729999999999994 0.19186194368755677
7 0.8689733333333334 0.24502270663033604 0.09947333333333336 0.17552225249772935
7 0.90174 0.2819981834695731 0.058333333333333334 0.12232515894641238
10 0.49672000000000005 0.2757765667574932 0.11741999999999993 0.19291553133514985