6 0.053109375000000014 0.1721218961625282 0.10215624999999999 0.20031602708803614
5 0.060828125 0.1852595936794582 0.06621875000000002 0.21693002257336344
11 0.20198437500000002 0.3450338600451467 0.06906249999999999 0.2115124153498871
11 0.24343750000000003 0.8007900677200903 0.09056249999999999 0.2519864559819413
11 0.419453125 0.7891196388261851 0.09529687500000002 0.2711060948081265
11 0.945328125 0.7970880361173815 0.07926562500000003 0.26580135440180586
11 0.7805468750000001 0.3569977426636569 0.08093750000000002 0.19823927765237018
11 0.6071093750000001 0.3168848758465011 0.09253125000000004 0.24020316027088032
9 0.279921875 0.2678781038374718 0.070515625 0.08108352144469523
6 0.194734375 0.15539503386004516 0.12181249999999996 0.20404063205417605
12 0.431671875 0.150744920993228 0.059656249999999925 0.08584650112866818
9 0.431484375 0.2481038374717833 0.08501562499999996 0.12918735891647856
6 0.60665625 0.17081264108352145 0.1155156250000001 0.22426636568848757
8 0.596734375 0.13641083521444694 0.036843750000000064 0.13155756207674943
6 0.7775937500000001 0.16072234762979684 0.10446875000000003 0.22530474040632054
11 0.940640625 0.3575395033860045 0.0739374999999999 0.20995485327313768
8 0.9377968750000001 0.12512415349887132 0.06639062500000001 0.09038374717832959
6 0.286546875 0.16762979683972914 0.07800000000000003 0.1435214446952596
9 0.0865625 0.7231151241534988 0.06612500000000002 0.10988713318284413
0 0.040046874999999996 0.7115575620767495 0.057671875 0.10537246049661388
8 0.04134375 0.6021444695259593 0.04775 0.13085778781038382
8 0.24481250000000002 0.6163431151241535 0.10692187500000001 0.13006772009029346
12 0.080125 0.6127765237020315 0.046 0.1202257336343115
8 0.42734375 0.5985553047404064 0.06846875000000004 0.08916478555304741
0 0.62246875 0.7434311512415349 0.08831249999999997 0.1266365688487585
8 0.6229218750000001 0.6209932279909707 0.09642187500000006 0.1313995485327314
10 0.7839375000000001 0.6106320541760722 0.09325000000000001 0.1266139954853274
9 0.783484375 0.7332054176072235 0.07210937499999996 0.1406997742663658
7 0.9449687499999999 0.6116930022573364 0.10646875000000015 0.13934537246049666