6 0.946890625 0.1721218961625282 0.10215625000000017 0.20031602708803614
5 0.9391718750000001 0.1852595936794582 0.06621875000000017 0.2169300225733635
11 0.798015625 0.3450338600451467 0.06906250000000007 0.2115124153498871
11 0.7565624999999999 0.8007900677200903 0.09056249999999996 0.2519864559819413
11 0.580546875 0.7891196388261851 0.09529687500000002 0.2711060948081265
11 0.054671875000000016 0.7970880361173815 0.07926562500000003 0.26580135440180586
11 0.2194531249999999 0.3569977426636569 0.08093750000000002 0.19823927765237018
11 0.392890625 0.3168848758465011 0.09253125000000004 0.2402031602708803
9 0.720078125 0.2678781038374718 0.070515625 0.08108352144469523
6 0.805265625 0.15539503386004516 0.12181250000000006 0.20404063205417605
12 0.5683281250000001 0.150744920993228 0.059656249999999925 0.08584650112866818
9 0.5685156250000001 0.2481038374717833 0.08501562499999996 0.1291873589164786
6 0.39334375 0.17081264108352145 0.1155156250000001 0.22426636568848757
8 0.40326562499999996 0.13641083521444694 0.036843750000000064 0.13155756207674943
6 0.22240624999999997 0.16072234762979684 0.10446875000000003 0.22530474040632054
11 0.05935937500000001 0.3575395033860045 0.0739374999999999 0.20995485327313768
8 0.062203124999999915 0.12512415349887132 0.06639062500000001 0.09038374717832959
6 0.713453125 0.16762979683972914 0.07800000000000011 0.14352144469525963
9 0.9134375 0.7231151241534988 0.0661249999999999 0.10988713318284413
0 0.959953125 0.7115575620767495 0.05767187500000013 0.10537246049661388
8 0.95865625 0.6021444695259593 0.04774999999999992 0.13085778781038382
8 0.7551875 0.6163431151241535 0.10692187499999992 0.13006772009029346
12 0.919875 0.6127765237020315 0.04600000000000008 0.1202257336343115
8 0.57265625 0.5985553047404064 0.06846875000000008 0.08916478555304741
0 0.37753125 0.7434311512415349 0.08831249999999997 0.1266365688487585
8 0.377078125 0.6209932279909707 0.09642187500000006 0.13139954853273145
10 0.21606249999999996 0.6106320541760722 0.09325000000000001 0.1266139954853274
9 0.216515625 0.7332054176072235 0.07210937499999996 0.1406997742663658
7 0.055031250000000045 0.6116930022573364 0.10646875000000015 0.13934537246049666