8 0.4430153846153846 0.23575539568345322 0.09396153846153853 0.10450359712230216
11 0.4428923076923077 0.31611510791366904 0.08139999999999994 0.07058992805755396
6 0.27610769230769233 0.379410071942446 0.15599230769230765 0.22487050359712227
8 0.49172307692307693 0.7974676258992806 0.24960000000000002 0.28030935251798567
8 0.8426153846153847 0.8276834532374101 0.2204153846153846 0.21603597122302157
8 0.6912153846153847 0.8679712230215827 0.22321538461538468 0.13353956834532366
8 0.9437153846153845 0.594568345323741 0.11256153846153841 0.24860431654676254
8 0.6078846153846154 0.4824244604316547 0.14885384615384614 0.17951798561151078
11 0.1050846153846154 0.32666906474820145 0.09170769230769232 0.13007194244604323
6 0.1056 0.20723021582733814 0.10213076923076926 0.14060431654676256
7 0.7764538461538462 0.42512230215827335 0.1600846153846153 0.17110791366906472
8 0.6027461538461539 0.3358992805755395 0.15882307692307696 0.11736690647482018
12 0.7231230769230769 0.33482014388489206 0.07394615384615393 0.08882733812949642
8 0.3443076923076923 0.11356115107913668 0.08113076923076926 0.09229496402877699
11 0.33673846153846154 0.2144244604316547 0.0550153846153846 0.12621582733812947
11 0.5719846153846154 0.2519568345323741 0.06652307692307693 0.09336690647482013
8 0.9441384615384616 0.09630935251798561 0.08520000000000016 0.09381294964028776
8 0.8804230769230769 0.14175539568345324 0.07315384615384608 0.08158992805755398
8 0.8219692307692307 0.1250863309352518 0.04854615384615395 0.07463309352517987
10 0.6428769230769231 0.20351079136690647 0.09167692307692313 0.09239568345323744
6 0.1411076923076923 0.6434892086330936 0.2124615384615384 0.1737913669064748
7 0.3441692307692307 0.7202374100719424 0.1365461538461538 0.20258273381294958
10 0.197 0.4566546762589928 0.11913076923076923 0.1502446043165467
11 0.022823076923076925 0.49455395683453235 0.04563846153846154 0.14929496402877696
6 0.9456384615384614 0.2560359712230216 0.10871538461538456 0.1255035971223022
8 0.6358230769230769 0.09666187050359713 0.06600769230769227 0.07774100719424461
6 0.5692846153846154 0.17029496402877697 0.1149846153846154 0.10510071942446042
6 0.41609999999999997 0.15866187050359712 0.07088461538461541 0.09382733812949641
8 0.5817230769230769 0.05961151079136691 0.0552461538461538 0.06358273381294964