8 0.5569846153846154 0.23575539568345322 0.09396153846153853 0.10450359712230216
11 0.5571076923076923 0.31611510791366904 0.08139999999999994 0.07058992805755396
6 0.7238923076923076 0.379410071942446 0.15599230769230765 0.22487050359712227
8 0.5082769230769231 0.7974676258992806 0.24960000000000002 0.28030935251798567
8 0.15738461538461532 0.8276834532374101 0.2204153846153846 0.21603597122302157
8 0.3087846153846154 0.8679712230215827 0.22321538461538468 0.13353956834532366
8 0.05628461538461544 0.594568345323741 0.11256153846153841 0.24860431654676254
8 0.3921153846153846 0.4824244604316547 0.14885384615384614 0.17951798561151078
11 0.8949153846153846 0.32666906474820145 0.09170769230769216 0.13007194244604323
6 0.8944 0.20723021582733814 0.10213076923076922 0.14060431654676256
7 0.22354615384615387 0.42512230215827335 0.1600846153846153 0.1711079136690647
8 0.3972538461538461 0.3358992805755395 0.15882307692307696 0.11736690647482022
12 0.27687692307692313 0.33482014388489206 0.07394615384615393 0.08882733812949642
8 0.6556923076923077 0.11356115107913668 0.08113076923076926 0.09229496402877699
11 0.6632615384615385 0.2144244604316547 0.0550153846153846 0.12621582733812944
11 0.4280153846153846 0.2519568345323741 0.06652307692307693 0.09336690647482013
8 0.05586153846153838 0.09630935251798561 0.08520000000000016 0.09381294964028776
8 0.11957692307692311 0.14175539568345324 0.07315384615384608 0.08158992805755398
8 0.17803076923076927 0.1250863309352518 0.04854615384615395 0.07463309352517987
10 0.35712307692307693 0.20351079136690647 0.09167692307692313 0.09239568345323745
6 0.8588923076923076 0.6434892086330936 0.2124615384615383 0.1737913669064748
7 0.6558307692307692 0.7202374100719424 0.13654615384615384 0.20258273381294958
10 0.803 0.4566546762589928 0.11913076923076915 0.1502446043165467
11 0.977176923076923 0.49455395683453235 0.04563846153846148 0.14929496402877696
6 0.05436153846153852 0.2560359712230216 0.10871538461538456 0.1255035971223022
8 0.36417692307692306 0.09666187050359713 0.06600769230769227 0.07774100719424461
6 0.43071538461538456 0.17029496402877697 0.1149846153846154 0.10510071942446042
6 0.5839000000000001 0.15866187050359712 0.07088461538461545 0.09382733812949641
8 0.41827692307692305 0.05961151079136691 0.0552461538461538 0.06358273381294964