7 0.7105938242280284 0.7050000000000001 0.15441805225653205 0.3353928571428572
7 0.2118289786223278 0.6756428571428572 0.14204275534441793 0.4724285714285713
11 0.6740142517814727 0.8901785714285714 0.11498812351543936 0.08142857142857127
11 0.22897862232779093 0.8316071428571429 0.13410926365795733 0.19439285714285717
11 0.5853444180522566 0.5986428571428571 0.1163895486935867 0.31949999999999995
11 0.4495011876484561 0.5413571428571429 0.12059382422802846 0.28589285714285717
7 0.6104988123515439 0.31925 0.17515439429928742 0.30460714285714285
7 0.45460807600950115 0.3167142857142857 0.1561282660332542 0.2757857142857143
11 0.31914489311163896 0.56875 0.08223277909738719 0.2692142857142857
7 0.21049881235154394 0.4506071428571429 0.13505938242280288 0.37424999999999997
8 0.317458432304038 0.3499285714285714 0.09437054631828982 0.2601785714285714