7 0.28940617577197153 0.7050000000000001 0.15441805225653205 0.3353928571428572
7 0.7881710213776721 0.6756428571428572 0.14204275534441793 0.4724285714285713
11 0.3259857482185273 0.8901785714285714 0.11498812351543938 0.08142857142857136
11 0.7710213776722091 0.8316071428571429 0.13410926365795733 0.19439285714285717
11 0.41465558194774343 0.5986428571428571 0.1163895486935867 0.31949999999999995
11 0.550498812351544 0.5413571428571429 0.12059382422802846 0.28589285714285717
7 0.38950118764845604 0.31925 0.17515439429928742 0.30460714285714285
7 0.5453919239904989 0.3167142857142857 0.1561282660332542 0.2757857142857143
11 0.680855106888361 0.56875 0.08223277909738719 0.2692142857142857
7 0.789501187648456 0.4506071428571429 0.13505938242280288 0.37424999999999997
8 0.6825415676959621 0.3499285714285714 0.09437054631828982 0.2601785714285714