11 0.09178645833333332 0.8157175925925926 0.05049999999999999 0.061527777777777876
6 0.39880208333333333 0.755175925925926 0.028177083333333353 0.05261574074074065
10 0.48251822916666665 0.7926851851851852 0.04811197916666665 0.06870370370370378
11 0.4740572916666667 0.8603981481481482 0.03899739583333328 0.07218981481481476
4 0.10083854166666667 0.7649305555555554 0.04467708333333334 0.06782407407407416
11 0.9221432291666667 0.840375 0.030221354166666714 0.09000925925925923
11 0.9547578125 0.8279907407407407 0.03165104166666666 0.0721805555555556
4 0.9524010416666666 0.7607314814814815 0.034466145833333295 0.091787037037037
4 0.8878255208333333 0.7296759259259259 0.030820312499999947 0.07654629629629639
11 0.8878515625 0.7967314814814814 0.021005208333333414 0.07538888888888885
11 0.9960598958333333 0.7533935185185184 0.00788020833333336 0.049995370370370336
10 0.9947005208333334 0.7172453703703704 0.01059635416666671 0.025972222222222285
4 0.8147708333333332 0.7407453703703704 0.014348958333333384 0.0639583333333334
4 0.8670494791666666 0.7368472222222222 0.016346354166666632 0.031064814814814785
0 0.8347916666666666 0.7339490740740741 0.019638020833333325 0.034282407407407414
4 0.8359843749999999 0.761824074074074 0.017942708333333224 0.03467592592592597
11 0.6739635416666666 0.7888194444444444 0.02390885416666677 0.09355092592592583
11 0.6364713541666667 0.8177175925925926 0.02237239583333328 0.06349074074074067
4 0.6328437499999999 0.7465787037037036 0.033252604166666755 0.08644907407407408
6 0.5926979166666667 0.757986111111111 0.03230729166666668 0.07782870370370373
10 0.5904973958333334 0.7451296296296296 0.021106770833333233 0.07064814814814824
11 0.5082838541666667 0.7257129629629628 0.009903645833333252 0.014611111111111205
11 0.545046875 0.7262638888888888 0.006130208333333442 0.02734722222222214
11 0.5504427083333333 0.7317962962962964 0.008903645833333362 0.02206481481481484
4 0.5684296875 0.7135555555555555 0.017854166666666726 0.03202777777777774
11 0.38105208333333335 0.7390601851851851 0.010328125000000021 0.024796296296296205
11 0.37009375 0.7368287037037037 0.014859375000000008 0.02405092592592596
4 0.37396874999999996 0.7141574074074073 0.015278645833333382 0.022467592592592567
4 0.3865911458333333 0.7182268518518518 0.014989583333333334 0.021768518518518576
6 0.3483515625 0.7049861111111111 0.011432291666666705 0.03298611111111111
7 0.018911458333333336 0.6988287037037036 0.014229166666666668 0.029416666666666598
11 0.016932291666666665 0.7247268518518519 0.008885416666666666 0.031981481481481486
12 0.04243489583333333 0.7333657407407407 0.012148437499999998 0.03006481481481475
6 0.041453125 0.706800925925926 0.017216145833333335 0.027643518518518602