4 0.6262421874999999 0.8496388888888888 0.019515624999999925 0.033643518518518434
4 0.57015625 0.8511157407407408 0.01819791666666659 0.044115740740740726
4 0.5568203125 0.8414398148148148 0.010328125000000021 0.02612962962962959
4 0.67003125 0.8476851851851852 0.012091145833333261 0.02626851851851855
6 0.4815520833333333 0.836087962962963 0.012653645833333282 0.03738425925925921
11 0.4832682291666667 0.8778148148148148 0.017247395833333345 0.04672685185185187
11 0.5700026041666666 0.887287037037037 0.012372395833333272 0.032731481481481514
11 0.5868697916666666 0.8874583333333333 0.012911458333333403 0.03512962962962954
6 0.5866588541666666 0.8476527777777778 0.01877864583333344 0.04885185185185175
11 0.6380911458333334 0.8750370370370371 0.008041666666666725 0.04185648148148147
11 0.6272447916666666 0.8810416666666667 0.011825520833333325 0.032592592592592555
11 0.6712291666666667 0.8731481481481481 0.0075364583333332735 0.023666666666666576
4 0.45831510416666665 0.8441851851851853 0.010958333333333292 0.01789351851851843
11 0.4716692708333333 0.8487129629629631 0.006789062499999998 0.010486111111111049
11 0.291140625 0.9324768518518519 0.01540104166666667 0.006907407407407362
11 0.3984375 0.9079861111111112 0.400390625 0.8975694444444444 0.40234375 0.8940972222222222 0.408203125 0.8940972222222222 0.4140625 0.9045138888888888 0.416015625 0.9149305555555556 0.4189453125 0.9201388888888888 0.421875 0.9184027777777778 0.421875 0.9114583333333334 0.4150390625 0.8819444444444444 0.4140625 0.8732638888888888 0.4091796875 0.8645833333333334 0.4013671875 0.8645833333333334 0.392578125 0.8940972222222222 0.388671875 0.9114583333333334 0.388671875 0.9149305555555556 0.3916015625 0.9201388888888888 0.3984375 0.9079861111111112
11 0.3876953125 0.9131944444444444 0.390625 0.9079861111111112 0.400390625 0.8663194444444444 0.40070670556640625 0.8636199496527778 0.39594423486328123 0.8619731414930556 0.39263696923828123 0.8735008515625 0.39144636181640624 0.8803233567708334 0.39025573388671875 0.8890279618055555 0.388671875 0.8975694444444444 0.38671875 0.9045138888888888 0.38671875 0.9114583333333334 0.3876953125 0.9131944444444444
11 0.40176503466796876 0.9151417760416667 0.3994140625 0.9201388888888888 0.4091796875 0.9201388888888888 0.41015625 0.9184027777777778 0.41015625 0.8975694444444444 0.4067920625 0.8862048394097222 0.40414625 0.8876164088541666 0.40136815869140624 0.8991441006944445 0.4025587666015625 0.9064371536458334 0.40202961181640623 0.9118481067708333 0.40176503466796876 0.9137301883680556 0.40176503466796876 0.9151417760416667
11 0.3469348958333333 0.9012314814814815 0.02395572916666666 0.051708333333333516
11 0.30053124999999997 0.8960046296296296 0.02758072916666665 0.07779166666666665
4 0.29705729166666667 0.8288425925925925 0.02447135416666668 0.06342592592592587
4 0.35020833333333334 0.8534814814814814 0.019505208333333357 0.050374999999999934
4 0.37352604166666664 0.8396018518518518 0.014671875000000001 0.0414351851851852
11 0.37293229166666664 0.8787407407407406 0.009513020833333385 0.04032407407407411
4 0.4202786458333333 0.839486111111111 0.010598958333333353 0.017675925925925914
11 0.3152994791666667 0.8807685185185186 0.015450520833333314 0.0461481481481481
11 0.16443489583333332 0.8963564814814815 0.01996354166666664 0.07384259259259254
11 0.10710416666666665 0.9405277777777779 0.03374218749999999 0.10365740740740748
10 0.11366666666666667 0.8566296296296296 0.030567708333333332 0.07093518518518513
10 0.13492447916666667 0.8588564814814815 0.014481770833333352 0.034171296296296366
10 0.16524479166666667 0.8326805555555555 0.035033854166666656 0.060134259259259276
11 0.204515625 0.8858148148148147 0.03104166666666669 0.06336111111111108
6 0.2039375 0.8331342592592592 0.019218750000000007 0.05526851851851847
6 0.2424661458333333 0.8370509259259259 0.01930729166666667 0.04413888888888885
11 0.24473958333333334 0.8788888888888889 0.013651041666666641 0.04620833333333331