11 0.10242500000000007 0.7833281249999999 0.1309916666666667 0.43332812500000006
11 0.2529166666666667 0.77265625 0.13916666666666666 0.4546875
11 0.41768333333333335 0.741 0.1282500000000001 0.4372031249999999
11 0.5911416666666667 0.7676874999999999 0.12854166666666667 0.43590625000000005
11 0.7626583333333333 0.7911406249999999 0.1271750000000001 0.41770312500000006
11 0.8925 0.83359375 0.17333333333333334 0.3328125
10 0.6015583333333333 0.3804375 0.1604916666666666 0.364515625
10 0.42039166666666666 0.37093750000000003 0.1492166666666666 0.34810937500000005
10 0.24977500000000002 0.375625 0.1501666666666667 0.388734375
10 0.0925 0.3578125 0.185 0.44375
10 0.7571666666666667 0.42340625000000004 0.16044999999999998 0.3410937499999999
10 0.9117333333333333 0.451546875 0.17652499999999993 0.543203125