11 0.8975749999999999 0.7833281249999999 0.1309916666666667 0.43332812500000006
11 0.7470833333333333 0.77265625 0.13916666666666666 0.4546875
11 0.5823166666666666 0.741 0.1282500000000001 0.4372031249999999
11 0.4088583333333333 0.7676874999999999 0.12854166666666667 0.43590624999999994
11 0.23734166666666667 0.7911406249999999 0.127175 0.41770312500000006
11 0.1075 0.83359375 0.17333333333333334 0.3328125
10 0.39844166666666664 0.3804375 0.16049166666666664 0.364515625
10 0.5796083333333333 0.37093750000000003 0.1492166666666666 0.34810937500000005
10 0.750225 0.375625 0.1501666666666667 0.388734375
10 0.9075 0.3578125 0.185 0.44375
10 0.24283333333333332 0.42340625000000004 0.16044999999999998 0.34109375
10 0.08826666666666667 0.451546875 0.17652500000000002 0.543203125