0 0.9203062787136295 0.5111071428571429 0.06056661562021433 0.2017142857142858
0 0.7589280245022971 0.5095714285714286 0.09038284839203672 0.21724999999999994
0 0.5904134762633997 0.5249285714285714 0.08249617151607964 0.21385714285714283
0 0.41944869831546705 0.5105 0.08886676875957117 0.21292857142857144
0 0.23888208269525268 0.5143928571428571 0.08246554364471664 0.21757142857142864
0 0.08973966309341504 0.5118928571428571 0.0611332312404289 0.21260714285714297
8 0.9135222052067381 0.30160714285714285 0.06082695252679943 0.2454642857142857
8 0.7558652373660031 0.29492857142857143 0.10448698315467078 0.2538571428571429
8 0.5916845329249617 0.3095357142857143 0.11592649310872902 0.252
8 0.4183154670750383 0.30007142857142854 0.11643185298621742 0.24857142857142855
8 0.24747320061255745 0.29432142857142857 0.10921898928024493 0.24021428571428569
8 0.09021439509954053 0.29742857142857143 0.06419601837672292 0.2588214285714286
8 0.5450076569678407 0.9749642857142857 0.00019908116385910482 0.002107142857142971