0 0.07969372128637059 0.5111071428571429 0.06056661562021439 0.20171428571428573
0 0.2410719754977029 0.5095714285714286 0.09038284839203675 0.21724999999999994
0 0.40958652373660026 0.5249285714285714 0.08249617151607964 0.21385714285714283
0 0.580551301684533 0.5105 0.08886676875957117 0.21292857142857144
0 0.7611179173047473 0.5143928571428571 0.08246554364471664 0.21757142857142864
0 0.9102603369065849 0.5118928571428571 0.0611332312404289 0.2126071428571429
8 0.08647779479326187 0.30160714285714285 0.060826952526799385 0.2454642857142857
8 0.24413476263399692 0.29492857142857143 0.10448698315467078 0.2538571428571429
8 0.4083154670750383 0.3095357142857143 0.11592649310872898 0.252
8 0.5816845329249617 0.30007142857142854 0.11643185298621742 0.24857142857142855
8 0.7525267993874425 0.29432142857142857 0.10921898928024493 0.24021428571428569
8 0.9097856049004595 0.29742857142857143 0.06419601837672292 0.2588214285714286
8 0.4549923430321593 0.9749642857142857 0.00019908116385910482 0.002107142857142971