6 0.8064935064935066 0.5668928571428571 0.16164502164502179 0.3237142857142857
4 0.07984848484848485 0.5231071428571429 0.1596969696969697 0.5827500000000001
11 0.05138528138528138 0.8632142857142857 0.10277056277056276 0.13328571428571437
11 0.2948268398268398 0.7503571428571428 0.0858874458874459 0.3547142857142857
11 0.4448917748917749 0.7809285714285715 0.09740259740259741 0.2915000000000001
11 0.811060606060606 0.8280357142857142 0.11787878787878796 0.2057857142857142
5 0.6514718614718615 0.6429642857142858 0.1369696969696969 0.4361785714285714
6 0.29995670995671 0.46832142857142856 0.1602597402597403 0.2985714285714286
6 0.44906926406926406 0.5154285714285715 0.13794372294372298 0.2869285714285715
10 0.2967532467532467 0.46464285714285714 0.07047619047619048 0.23824999999999993
6 0.5393939393939393 0.5623928571428571 0.08393939393939388 0.20360714285714282
11 0.5344372294372294 0.748 0.06965367965367966 0.2282499999999999