6 0.19350649350649346 0.5668928571428571 0.16164502164502179 0.3237142857142857
4 0.9201515151515152 0.5231071428571429 0.15969696969696964 0.5827500000000001
11 0.9486147186147186 0.8632142857142857 0.1027705627705628 0.13328571428571445
11 0.7051731601731601 0.7503571428571428 0.08588744588744603 0.3547142857142857
11 0.5551082251082252 0.7809285714285715 0.09740259740259741 0.29150000000000004
11 0.188939393939394 0.8280357142857142 0.11787878787878796 0.2057857142857143
5 0.34852813852813846 0.6429642857142858 0.1369696969696969 0.4361785714285714
6 0.7000432900432899 0.46832142857142856 0.16025974025974019 0.29857142857142865
6 0.5509307359307358 0.5154285714285715 0.13794372294372292 0.28692857142857153
10 0.7032467532467532 0.46464285714285714 0.07047619047619036 0.23824999999999993
6 0.46060606060606063 0.5623928571428571 0.08393939393939388 0.20360714285714282
11 0.46556277056277057 0.748 0.06965367965367966 0.2282499999999999