0 0.15683846153846154 0.4389250353606789 0.09101538461538458 0.09810466760961813
0 0.3046615384615385 0.43930693069306925 0.07616923076923075 0.10145685997171149
0 0.4401076923076923 0.43698727015558697 0.06035384615384618 0.11224893917963227
0 0.5777230769230769 0.43531824611032527 0.08942307692307692 0.12176803394625181
0 0.7248461538461538 0.4322347949080622 0.0647923076923077 0.11560113154172563
0 0.8627384615384615 0.43314002828854314 0.07764615384615389 0.10967468175388963
8 0.15802307692307693 0.28062234794908064 0.10317692307692307 0.13896746817538896
8 0.3083692307692308 0.28435643564356433 0.08218461538461541 0.14386138613861382
8 0.43821538461538456 0.2739321074964639 0.06076923076923077 0.15644978783592647
8 0.5784923076923076 0.2811315417256011 0.10355384615384607 0.16057991513437053
8 0.7275 0.277015558698727 0.06171538461538463 0.16263083451202265
8 0.8559538461538462 0.2761244695898161 0.07666923076923082 0.14796322489391797