0 0.8519491525423728 0.6472946859903382 0.11198305084745752 0.18553140096618345
0 0.5253728813559323 0.6039371980676329 0.12105084745762705 0.12169082125603864
0 0.33386440677966106 0.6021739130434783 0.10622033898305078 0.1639130434782609
0 0.1899830508474576 0.5505555555555556 0.09959322033898303 0.11659420289855069
0 0.08579661016949153 0.5248550724637681 0.06533898305084739 0.09065217391304355
0 0.2534915254237288 0.5380917874396135 0.07249152542372879 0.0967632850241546
0 0.5937118644067796 0.4978985507246377 0.07359322033898318 0.10794685990338164
11 0.749 0.4176811594202898 0.035983050847457655 0.097512077294686
0 0.7128813559322035 0.3834782608695652 0.03508474576271194 0.051980676328502375
0 0.6684576271186441 0.38792270531400963 0.041847457627118737 0.06342995169082123
11 0.9661186440677966 0.5447101449275362 0.06776271186440681 0.19135265700483098
11 0.45410169491525426 0.5843719806763286 0.07003389830508483 0.21985507246376806
8 0.9616610169491525 0.3870531400966184 0.07454237288135597 0.1506521739130435
8 0.8455084745762712 0.43804347826086953 0.1748813559322035 0.2805797101449276
8 0.9184915254237288 0.32753623188405795 0.05383050847457625 0.0926570048309179
8 0.5251186440677966 0.43294685990338166 0.15191525423728813 0.25007246376811587
8 0.32779661016949146 0.4147584541062802 0.15403389830508474 0.2518599033816425
8 0.18650847457627123 0.40777777777777774 0.11288135593220343 0.21497584541062803
8 0.086322033898305 0.41806763285024157 0.0891525423728812 0.15166666666666673
8 0.46266101694915257 0.3750966183574879 0.11569491525423728 0.2030193236714976
8 0.3839152542372881 0.38082125603864736 0.07928813559322029 0.19157004830917876
8 0.2532203389830508 0.4155314009661836 0.06054237288135598 0.20760869565217388
8 0.7135084745762712 0.3366908212560386 0.03918644067796611 0.06009661835748791
8 0.668271186440678 0.32359903381642513 0.05411864406779672 0.07205314009661831
8 0.7945762711864407 0.33159420289855074 0.056966101694915276 0.07026570048309173
8 0.5885423728813559 0.3761111111111111 0.08750847457627117 0.14403381642512075