0 0.14805084745762712 0.6472946859903382 0.11198305084745762 0.1855314009661835
0 0.47462711864406776 0.6039371980676329 0.12105084745762709 0.12169082125603871
0 0.666135593220339 0.6021739130434783 0.10622033898305078 0.1639130434782609
0 0.8100169491525424 0.5505555555555556 0.09959322033898303 0.11659420289855069
0 0.9142033898305084 0.5248550724637681 0.06533898305084739 0.09065217391304355
0 0.7465084745762712 0.5380917874396135 0.07249152542372879 0.0967632850241546
0 0.40628813559322036 0.4978985507246377 0.07359322033898308 0.10794685990338164
11 0.251 0.4176811594202898 0.035983050847457655 0.097512077294686
0 0.28711864406779664 0.3834782608695652 0.035084745762711846 0.051980676328502375
0 0.33154237288135596 0.38792270531400963 0.04184745762711864 0.06342995169082123
11 0.033881355932203386 0.5447101449275362 0.06776271186440677 0.19135265700483098
11 0.5458983050847457 0.5843719806763286 0.07003389830508483 0.21985507246376806
8 0.03833898305084746 0.3870531400966184 0.07454237288135593 0.1506521739130435
8 0.15449152542372882 0.43804347826086953 0.17488135593220341 0.28057971014492755
8 0.0815084745762712 0.32753623188405795 0.05383050847457628 0.0926570048309179
8 0.4748813559322034 0.43294685990338166 0.15191525423728813 0.2500724637681159
8 0.6722033898305085 0.4147584541062802 0.15403389830508474 0.2518599033816425
8 0.8134915254237288 0.40777777777777774 0.11288135593220343 0.21497584541062803
8 0.913677966101695 0.41806763285024157 0.0891525423728812 0.15166666666666673
8 0.5373389830508474 0.3750966183574879 0.11569491525423728 0.2030193236714976
8 0.6160847457627119 0.38082125603864736 0.07928813559322029 0.19157004830917876
8 0.7467796610169491 0.4155314009661836 0.06054237288135598 0.20760869565217388
8 0.2864915254237288 0.3366908212560386 0.03918644067796611 0.06009661835748791
8 0.33172881355932204 0.32359903381642513 0.05411864406779662 0.07205314009661831
8 0.20542372881355933 0.33159420289855074 0.05696610169491523 0.07026570048309176
8 0.41145762711864403 0.3761111111111111 0.08750847457627117 0.14403381642512075