11 0.5468741159830268 0.6007857142857143 0.1394766619519095 0.31314285714285717
11 0.2126166902404526 0.6176428571428572 0.10435643564356434 0.26860714285714277
11 0.38530410183875535 0.5946785714285714 0.07793493635077797 0.26007142857142856
11 0.7334936350777935 0.6063928571428571 0.09810466760961804 0.3073571428571429
11 0.9076661951909477 0.5654285714285714 0.08272984441301275 0.3920714285714285
11 0.06558698727015558 0.5807142857142857 0.07407355021216407 0.31792857142857134
8 0.554016973125884 0.3419285714285714 0.10687411598302696 0.2375714285714286
10 0.3773550212164074 0.35721428571428565 0.09707213578500706 0.24778571428571422
10 0.7281753889674683 0.3783214285714286 0.11305516265912315 0.26275
6 0.9043705799151344 0.3817142857142857 0.09902404526166901 0.33760714285714283
6 0.21659123055162657 0.3570714285714286 0.1028712871287129 0.2780714285714285
10 0.0668033946251768 0.4019642857142857 0.09966053748231965 0.27264285714285713