11 0.4531258840169731 0.6007857142857143 0.1394766619519095 0.31314285714285717
11 0.7873833097595475 0.6176428571428572 0.10435643564356432 0.26860714285714277
11 0.6146958981612447 0.5946785714285714 0.07793493635077797 0.26007142857142856
11 0.2665063649222065 0.6063928571428571 0.09810466760961804 0.3073571428571429
11 0.09233380480905229 0.5654285714285714 0.08272984441301275 0.39207142857142846
11 0.9344130127298444 0.5807142857142857 0.07407355021216391 0.31792857142857134
8 0.445983026874116 0.3419285714285714 0.10687411598302696 0.2375714285714286
10 0.6226449787835926 0.35721428571428565 0.09707213578500706 0.24778571428571428
10 0.27182461103253175 0.3783214285714286 0.11305516265912315 0.26275
6 0.09562942008486565 0.3817142857142857 0.09902404526166901 0.3376071428571428
6 0.7834087694483735 0.3570714285714286 0.1028712871287129 0.2780714285714285
10 0.9331966053748232 0.4019642857142857 0.0996605374823197 0.27264285714285713