11 0.85724 0.7859880239520958 0.12107999999999992 0.36598802395209584
11 0.6722 0.7007185628742515 0.16144000000000006 0.31784431137724556
11 0.42716000000000004 0.7057485029940119 0.09227999999999997 0.25766467065868265
11 0.16208 0.6439520958083833 0.06463999999999999 0.15221556886227539
11 0.52204 0.6338922155688623 0.082 0.24934131736526954
11 0.36275999999999997 0.6203592814371257 0.07644000000000005 0.2326946107784432
4 0.16188 0.4809580838323353 0.0956 0.20113772455089823
4 0.84348 0.3986826347305389 0.2501199999999999 0.44275449101796405
4 0.6439600000000001 0.4073652694610779 0.19016000000000008 0.3482035928143713
4 0.427 0.47323353293413173 0.18444000000000005 0.24568862275449102
4 0.519 0.4132335329341318 0.10896000000000004 0.20113772455089823
4 0.3436 0.43383233532934135 0.098 0.17874251497005986