11 0.5793692307692307 0.49844902386117135 0.07758461538461531 0.17748373101952275
11 0.30293846153846155 0.5517353579175704 0.06896153846153845 0.18373101952277654
4 0.5655230769230769 0.343470715835141 0.14219230769230762 0.233590021691974
10 0.5809076923076922 0.3376355748373102 0.05758461538461531 0.1649783080260304
10 0.3643769230769231 0.21696312364425163 0.10145384615384614 0.1459761388286334
6 0.30938461538461537 0.3837418655097614 0.1376076923076923 0.19210412147505423
11 0.36553846153846153 0.34103036876355747 0.049915384615384605 0.1581995661605206
4 0.6892615384615385 0.5880802603036877 0.12237692307692301 0.3214967462039046
4 0.6575384615384615 0.21398047722342733 0.0704615384615384 0.12373101952277656
6 0.8838692307692307 0.28895878524945773 0.057738461538461495 0.14083514099783082
11 0.8747384615384616 0.3693600867678959 0.03755384615384628 0.0820065075921909