11 0.26279411764705884 0.6885947712418301 0.07563725490196081 0.41722222222222227
11 0.9173202614379085 0.821045751633987 0.09348039215686281 0.35790849673202607
11 0.7696241830065359 0.7434967320261437 0.15151960784313728 0.45382352941176474
11 0.028169934640522875 0.4961437908496732 0.05633986928104575 0.28330065359477125
6 0.911454248366013 0.5980065359477125 0.17709150326797393 0.3013725490196079
12 0.9085130718954249 0.596437908496732 0.06037581699346413 0.16016339869281043
10 0.8019117647058823 0.42869281045751634 0.1329575163398692 0.37846405228758173
6 0.27475490196078434 0.30032679738562096 0.1374673202614379 0.49294117647058816
6 0.03013071895424837 0.18098039215686276 0.06026143790849674 0.35094771241830064
4 0.45460784313725494 0.5723856209150326 0.13640522875816996 0.5115686274509804
6 0.09039215686274508 0.7823529411764707 0.1567483660130719 0.41382352941176476
11 0.7094934640522875 0.1853921568627451 0.08983660130718957 0.13287581699346407
4 0.7146568627450981 0.08042483660130718 0.09937908496732034 0.16084967320261437