11 0.16549019607843138 0.8643603133159269 0.11171568627450981 0.27127937336814617
7 0.1648529411764706 0.5954046997389034 0.177156862745098 0.3860835509138382
5 0.34816993464052287 0.7494778067885117 0.16331699346405226 0.5010443864229764
7 0.46351307189542484 0.5844386422976502 0.13913398692810452 0.38503916449086156
11 0.4739705882352941 0.8800261096605745 0.10776143790849681 0.2399477806788511
11 0.5988071895424837 0.8382506527415143 0.12212418300653596 0.3234986945169712
11 0.8604738562091504 0.8049608355091384 0.1437418300653595 0.3900783289817232
11 0.7140849673202614 0.8508616187989556 0.12934640522875812 0.2982506527415144
8 0.6043627450980392 0.5072584856396868 0.1528431372549019 0.3743342036553526
8 0.8544281045751634 0.4588250652741514 0.154607843137255 0.33749347258485635
8 0.7207843137254902 0.6042819843342037 0.13882352941176476 0.3829503916449085