0 0.11357843137254903 0.511 0.04782679738562092 0.15581818181818183
0 0.2759967320261438 0.4940909090909091 0.0628267973856209 0.14018181818181819
0 0.4276143790849673 0.5033636363636363 0.06281045751633982 0.16236363636363635
0 0.5844771241830066 0.49845454545454543 0.0523366013071895 0.14890909090909088
0 0.7468790849673203 0.4964545454545454 0.06212418300653592 0.15581818181818183
0 0.9040522875816993 0.5059090909090909 0.056225490196078566 0.16018181818181815
7 0.11789215686274511 0.36809090909090914 0.05383986928104575 0.2118181818181818
7 0.278218954248366 0.3624545454545454 0.09602941176470585 0.2114545454545455
7 0.4276797385620915 0.35990909090909096 0.07209150326797387 0.21363636363636362
7 0.5895098039215686 0.3666363636363636 0.076781045751634 0.20890909090909093
7 0.7481209150326797 0.3624545454545454 0.0868300653594771 0.2114545454545455
7 0.9068627450980392 0.3688181818181818 0.05792483660130726 0.19872727272727272