0 0.10004901960784313 0.5179264214046824 0.08220588235294117 0.13635451505016716
0 0.2599183006535948 0.5355852842809364 0.06465686274509803 0.15026755852842813
0 0.39107843137254905 0.5276923076923077 0.08254901960784315 0.12110367892976581
0 0.5480718954248366 0.5131103678929766 0.08017973856209158 0.1374247491638795
0 0.7009313725490196 0.5242140468227425 0.08918300653594778 0.1302006688963211
0 0.8613235294117647 0.5052173913043478 0.08838235294117643 0.14033444816053506
12 0.10331699346405228 0.37304347826086953 0.08612745098039215 0.2077591973244147
12 0.2625326797385621 0.38722408026755856 0.06465686274509803 0.23076923076923078
12 0.3872875816993464 0.3663545150501673 0.08282679738562092 0.22113712374581945
12 0.5489869281045752 0.365685618729097 0.08462418300653589 0.2117725752508361
12 0.6987745098039215 0.36983277591973246 0.09663398692810456 0.22274247491638793
12 0.8613888888888889 0.36501672240802674 0.08720588235294109 0.21311036789297658