0 0.886421568627451 0.511 0.04782679738562089 0.15581818181818183
0 0.7240032679738563 0.4940909090909091 0.06282679738562098 0.14018181818181819
0 0.5723856209150326 0.5033636363636363 0.06281045751633978 0.16236363636363635
0 0.4155228758169935 0.49845454545454543 0.0523366013071895 0.14890909090909088
0 0.2531209150326798 0.4964545454545454 0.06212418300653592 0.15581818181818183
0 0.0959477124183007 0.5059090909090909 0.056225490196078566 0.16018181818181823
7 0.882107843137255 0.36809090909090914 0.053839869281045824 0.2118181818181818
7 0.721781045751634 0.3624545454545454 0.09602941176470585 0.2114545454545455
7 0.5723202614379085 0.35990909090909096 0.07209150326797387 0.21363636363636362
7 0.4104901960784314 0.3666363636363636 0.076781045751634 0.20890909090909093
7 0.2518790849673202 0.3624545454545454 0.0868300653594771 0.2114545454545455
7 0.09313725490196079 0.3688181818181818 0.05792483660130726 0.19872727272727272