11 0.8925326797385621 0.6988372093023255 0.08544117647058817 0.24491279069767433
11 0.7327124183006536 0.8079941860465116 0.07377450980392153 0.27822674418604654
11 0.27124183006535946 0.8633720930232558 0.09477124183006536 0.27325581395348836
11 0.14052287581699346 0.8851744186046512 0.058823529411764705 0.22965116279069767
11 0.036846405228758164 0.5817441860465117 0.0736764705882353 0.2485755813953488
11 0.35944444444444446 0.5180523255813954 0.06202614379084964 0.21104651162790689
11 0.07834967320261438 0.39223837209302326 0.0471078431372549 0.16026162790697673
11 0.4433660130718954 0.6874418604651161 0.052352941176470574 0.21654069767441855
6 0.5475653594771243 0.5333720930232558 0.10403594771241824 0.21000000000000002
8 0.5466830065359477 0.5109011627906976 0.025016339869280958 0.08575581395348837
6 0.7011437908496733 0.22665697674418606 0.13789215686274509 0.24401162790697672
7 0.7011601307189542 0.23418604651162792 0.05816993464052291 0.2352906976744186
10 0.8938071895424836 0.48183139534883723 0.11024509803921573 0.260203488372093
6 0.7449019607843137 0.561889534883721 0.09694444444444451 0.2826453488372094
6 0.056732026143790845 0.21845930232558142 0.1042483660130719 0.2540697674418605
10 0.03238562091503268 0.3996511627906976 0.06477124183006536 0.27023255813953484
4 0.36903594771241827 0.3090116279069767 0.07477124183006534 0.36904069767441866
6 0.2691339869281046 0.6182267441860465 0.13096405228758173 0.2898255813953488
6 0.12609477124183008 0.6944476744186047 0.12241830065359476 0.18404069767441852
8 0.09601307189542484 0.5160755813953488 0.044689542483660145 0.10930232558139541