11 0.8141830065359477 0.6728186274509804 0.09093137254901966 0.22541666666666674
9 0.9144444444444444 0.5901225490196079 0.05895424836601295 0.11419117647058817
6 0.922107843137255 0.4657598039215686 0.07977124183006526 0.1647303921568627
6 0.828970588235294 0.4658823529411765 0.1519117647058823 0.21401960784313723
4 0.6217320261437909 0.5017647058823529 0.12151960784313726 0.2909313725490196
4 0.5517578120915032 0.5390625 0.5527343758169935 0.4526367181372549 0.5400390620915032 0.416015625 0.5224609379084968 0.4130859362745098 0.5068359379084968 0.4248046862745098 0.48828125 0.4555664068627451 0.4902343758169935 0.5083007818627451 0.4794921879084968 0.5185546862745098 0.4619140620915032 0.5068359362745098 0.453125 0.5346679681372549 0.4912109379084968 0.556640625 0.49609375 0.6459960931372548 0.4902343758169935 0.6606445318627452 0.4951171879084968 0.66796875 0.5126953120915032 0.673828125 0.5537109379084968 0.6591796862745098 0.5683593758169935 0.6342773431372548 0.5683593758169935 0.6079101568627451 0.5517578120915032 0.5390625
4 0.4658986928104575 0.561078431372549 0.06905228758169933 0.20963235294117655
10 0.28032679738562094 0.5786519607843137 0.13352941176470592 0.23830882352941182
11 0.29331699346405227 0.7809313725490196 0.08519607843137253 0.21975490196078423
11 0.39650326797385627 0.7599019607843138 0.07833333333333324 0.268014705882353
11 0.46942810457516343 0.7374509803921568 0.08383986928104585 0.18698529411764697
11 0.028643790849673157 0.645735294117647 0.05727124183006529 0.21767156862745113
6 0.3909150326797386 0.5409803921568628 0.10483660130718948 0.22487745098039216
6 0.5517320261437909 0.3302941176470588 0.1204901960784314 0.15696078431372554
8 0.5630718954248366 0.34215686274509804 0.049624183006535955 0.14975490196078436
6 0.046699346405228825 0.44936274509803925 0.09339869281045765 0.21196078431372553
11 0.4164542483660131 0.39196078431372544 0.05218954248366022 0.11002450980392153
6 0.41026143790849673 0.29997549019607844 0.0989705882352942 0.1763235294117647
8 0.4114705882352941 0.27661764705882347 0.038088235294117555 0.13218137254901963
11 0.2629575163398693 0.271593137254902 0.06220588235294126 0.18147058823529416
11 0.07686274509803916 0.29198529411764707 0.06230392156862763 0.18612745098039216
6 0.26124183006535945 0.11884803921568628 0.09258169934640517 0.1649264705882353
8 0.26063725490196077 0.1170343137254902 0.02671568627450984 0.13551470588235293
6 0.07111111111111108 0.15213235294117647 0.08929738562091519 0.13345588235294117
4 0.1828921568627451 0.19303921568627452 0.09299019607843131 0.23330882352941176