11 0.18581699346405228 0.6728186274509804 0.09093137254901959 0.22541666666666674
9 0.08555555555555555 0.5901225490196079 0.05895424836601308 0.11419117647058817
6 0.0778921568627451 0.4657598039215686 0.07977124183006534 0.1647303921568627
6 0.17102941176470587 0.4658823529411765 0.15191176470588236 0.21401960784313723
4 0.37826797385620914 0.5017647058823529 0.12151960784313726 0.2909313725490196
4 0.4316406241830065 0.6079101568627451 0.4316406241830065 0.6342773431372548 0.4462890620915032 0.6591796862745098 0.4873046879084968 0.673828125 0.5048828120915032 0.66796875 0.5097656241830065 0.6606445318627452 0.50390625 0.6459960931372548 0.5087890620915032 0.556640625 0.546875 0.5346679681372549 0.5380859379084968 0.5068359362745098 0.5205078120915032 0.5185546862745098 0.5097656241830065 0.5083007818627451 0.51171875 0.4555664068627451 0.4931640620915032 0.4248046862745098 0.4775390620915032 0.4130859362745098 0.4599609379084968 0.416015625 0.4472656241830065 0.4526367181372549 0.4482421879084968 0.5390625 0.4316406241830065 0.6079101568627451
4 0.5341013071895425 0.561078431372549 0.06905228758169933 0.20963235294117655
10 0.7196732026143791 0.5786519607843137 0.13352941176470592 0.23830882352941174
11 0.7066830065359477 0.7809313725490196 0.08519607843137253 0.21975490196078423
11 0.6034967320261437 0.7599019607843138 0.07833333333333324 0.268014705882353
11 0.5305718954248365 0.7374509803921568 0.08383986928104585 0.18698529411764697
11 0.9713562091503268 0.645735294117647 0.05727124183006529 0.21767156862745105
6 0.6090849673202614 0.5409803921568628 0.10483660130718948 0.22487745098039222
6 0.4482679738562091 0.3302941176470588 0.1204901960784314 0.15696078431372554
8 0.43692810457516335 0.34215686274509804 0.049624183006535955 0.14975490196078434
6 0.9533006535947712 0.44936274509803925 0.09339869281045765 0.21196078431372553
11 0.5835457516339869 0.39196078431372544 0.05218954248366022 0.11002450980392153
6 0.5897385620915033 0.29997549019607844 0.0989705882352942 0.17632352941176474
8 0.5885294117647059 0.27661764705882347 0.038088235294117555 0.1321813725490196
11 0.7370424836601307 0.271593137254902 0.06220588235294126 0.18147058823529416
11 0.9231372549019609 0.29198529411764707 0.06230392156862763 0.18612745098039216
6 0.7387581699346405 0.11884803921568628 0.09258169934640517 0.1649264705882353
8 0.7393627450980392 0.1170343137254902 0.02671568627450984 0.13551470588235293
6 0.9288888888888889 0.15213235294117647 0.08929738562091519 0.13345588235294117
4 0.8171078431372549 0.19303921568627452 0.09299019607843131 0.23330882352941176