11 0.7372058823529412 0.6885947712418301 0.07563725490196073 0.41722222222222227
11 0.08267973856209154 0.821045751633987 0.09348039215686281 0.35790849673202607
11 0.23037581699346407 0.7434967320261437 0.15151960784313728 0.45382352941176474
11 0.9718300653594771 0.4961437908496732 0.056339869281045785 0.28330065359477125
6 0.08854575163398702 0.5980065359477125 0.17709150326797393 0.3013725490196079
12 0.09148692810457518 0.596437908496732 0.06037581699346413 0.16016339869281043
10 0.19808823529411768 0.42869281045751634 0.1329575163398692 0.37846405228758173
6 0.7252450980392158 0.30032679738562096 0.1374673202614379 0.49294117647058816
6 0.9698692810457515 0.18098039215686276 0.06026143790849691 0.35094771241830064
4 0.545392156862745 0.5723856209150326 0.13640522875816996 0.5115686274509804
6 0.909607843137255 0.7823529411764707 0.156748366013072 0.4138235294117647
11 0.2905065359477125 0.1853921568627451 0.08983660130718957 0.13287581699346404
4 0.28534313725490196 0.08042483660130718 0.09937908496732034 0.16084967320261437