11 0.6765032679738562 0.8434011627906977 0.07669934640522885 0.19049418604651155
11 0.5476470588235295 0.736889534883721 0.07300653594771234 0.14130813953488375
11 0.12661764705882353 0.3795639534883721 0.07236928104575162 0.14546511627906977
11 0.7158660130718955 0.3174418604651163 0.03955882352941183 0.12165697674418603
11 0.7975490196078432 0.2907558139534884 0.03658496732026142 0.1264244186046512
11 0.7601143790849673 0.275406976744186 0.038954248366013126 0.13805232558139538
11 0.6519117647058824 0.35101744186046513 0.026045751633987018 0.05665697674418607
11 0.6288235294117647 0.2762209302325581 0.03184640522875819 0.15549418604651166
6 0.6955065359477124 0.6599709302325582 0.11472222222222228 0.2359302325581396
6 0.580392156862745 0.5806976744186046 0.10730392156862738 0.23590116279069762
6 0.14184640522875816 0.26563953488372094 0.10282679738562092 0.1405232558139535
10 0.5878921568627451 0.547906976744186 0.1136928104575164 0.28662790697674406
6 0.7226960784313726 0.21715116279069768 0.056781045751633986 0.0981395348837209
6 0.6430065359477124 0.15517441860465117 0.04982026143790851 0.11424418604651163
6 0.8078758169934641 0.19796511627906976 0.04823529411764703 0.08357558139534883
6 0.7724509803921569 0.16784883720930233 0.04875816993464058 0.10790697674418602
6 0.7424509803921568 0.07747093023255813 0.0481699346405229 0.07511627906976745
4 0.663202614379085 0.24145348837209302 0.054575163398692776 0.1890406976744186
4 0.7152614379084967 0.48183139534883723 0.09184640522875823 0.20732558139534882