11 0.9641927990708478 0.5906071428571429 0.05070847851335666 0.29550000000000004
11 0.8895470383275261 0.5818571428571429 0.04385598141695701 0.30978571428571433
11 0.8223809523809523 0.6108571428571429 0.042682926829268296 0.2803928571428571
11 0.7449593495934959 0.6080714285714285 0.06332171893147501 0.31453571428571425
11 0.6577235772357723 0.5888214285714286 0.046794425087107974 0.3117500000000001
11 0.5661672473867596 0.6193571428571428 0.04536585365853652 0.2696785714285714
11 0.47564459930313585 0.6316785714285714 0.047038327526132406 0.28635714285714287
11 0.3853193960511034 0.6183928571428572 0.04702671312427411 0.28757142857142853
11 0.29091753774680607 0.5755357142857143 0.05126596980255529 0.31292857142857144
11 0.21020905923344949 0.5820714285714286 0.043646922183507464 0.35382142857142856
11 0.13284552845528455 0.62075 0.05512195121951224 0.2923214285714287
11 0.047038327526132406 0.5969642857142857 0.05382113821138202 0.3081785714285715
8 0.6592102206736352 0.3181428571428571 0.06835075493612068 0.2466071428571428
8 0.7446341463414634 0.34732142857142856 0.07299651567944267 0.24542857142857152
7 0.8228919860627177 0.41814285714285715 0.0571428571428572 0.22442857142857145
7 0.8896747967479675 0.3530714285714286 0.05133565621370505 0.20535714285714285
8 0.9627177700348432 0.33264285714285713 0.0652845528455285 0.23985714285714285
8 0.3873751451800232 0.3693571428571429 0.05837398373983739 0.2458214285714286
8 0.04845528455284556 0.34532142857142856 0.06389082462253193 0.23353571428571424
10 0.5666202090592335 0.386 0.09995354239256672 0.23153571428571432
10 0.47713124274099883 0.3886071428571429 0.06342624854819978 0.24860714285714292
10 0.29628339140534266 0.32210714285714287 0.0805574912891985 0.22282142857142853
8 0.20910569105691051 0.39792857142857146 0.054878048780487805 0.25535714285714284
6 0.13768873403019738 0.3622142857142857 0.05963995354239246 0.29503571428571423