4 0.15077922077922076 0.7194285714285714 0.10080086580086578 0.25575000000000003
6 0.5450865800865801 0.7408571428571429 0.12785714285714284 0.2404285714285714
4 0.29619047619047617 0.48553571428571424 0.09982683982683983 0.23242857142857137
11 0.5449350649350649 0.8786785714285714 0.07686147186147184 0.09810714285714275
11 0.29049783549783553 0.6558928571428572 0.0675974025974026 0.12875000000000003
11 0.16142857142857142 0.8845 0.037164502164502136 0.0885714285714286
11 0.6951515151515152 0.8019642857142858 0.06242424242424249 0.13514285714285726
11 0.9511904761904761 0.8386071428571429 0.042835497835497754 0.17403571428571435
11 0.47839826839826843 0.592 0.05218614718614722 0.08296428571428578
11 0.828939393939394 0.49317857142857147 0.039805194805194774 0.13664285714285712
11 0.8777705627705628 0.3136785714285714 0.03731601731601734 0.10832142857142861
11 0.8780952380952382 0.6880714285714286 0.06233766233766224 0.15335714285714286
11 0.8126623376623376 0.8818571428571428 0.037727272727272616 0.08328571428571425
11 0.5553463203463204 0.553 0.07608225108225103 0.15042857142857144
4 0.5256926406926407 0.1407857142857143 0.07303030303030306 0.15139285714285713
4 0.7143073593073593 0.265 0.07668831168831158 0.21199999999999997
4 0.8848917748917748 0.16724999999999998 0.08437229437229442 0.21489285714285714
4 0.48216450216450213 0.44135714285714284 0.07415584415584414 0.23400000000000004
6 0.5641774891774891 0.41964285714285715 0.08584415584415578 0.19060714285714286
7 0.5613636363636364 0.40853571428571434 0.027337662337662327 0.14510714285714288
4 0.8201948051948053 0.7456071428571429 0.10088744588744591 0.2393571428571428
6 0.6734199134199135 0.4471428571428572 0.08792207792207793 0.19275
11 0.6674242424242425 0.6142500000000001 0.04863636363636369 0.1697499999999999
4 0.8889177489177489 0.51 0.08781385281385293 0.2258214285714286
4 0.9594372294372294 0.6497142857142857 0.08112554112554117 0.2618214285714286