11 0.368664343786295 0.7634028776978418 0.14344947735191638 0.18341007194244607
0 0.5393960511033682 0.7740719424460432 0.08033681765389078 0.05845323741007194
5 0.5386178861788617 0.7067985611510792 0.12833914053426249 0.11815827338129513
8 0.36905923344947733 0.6117122302158273 0.18871080139372826 0.14140287769784168
6 0.13445993031358883 0.6340143884892087 0.22429732868757246 0.1428489208633093
8 0.7614053426248547 0.6359280575539569 0.0950058072009291 0.09871942446043168
6 0.8499883855981417 0.7093309352517986 0.14540069686411156 0.11992086330935256
11 0.9323228803716609 0.7361510791366906 0.12386759581881544 0.050561151079136835
8 0.6829152148664344 0.628294964028777 0.0775145180023229 0.06851079136690649
7 0.5109988385598142 0.5686762589928058 0.09732868757258996 0.06310791366906476
11 0.5187340301974448 0.61968345323741 0.06250871080139378 0.055776978417266164
8 0.712171893147503 0.551 0.06253193960511051 0.06370503597122298
8 0.8484320557491289 0.5412661870503597 0.05843205574912886 0.04123021582733809
8 0.17333333333333334 0.5236618705035971 0.05448315911730555 0.034489208633093564
8 0.9178397212543554 0.5310287769784172 0.047665505226480796 0.02547482014388495
8 0.9643089430894308 0.5329064748201439 0.05045296167247393 0.02363309352517979
10 0.7751219512195122 0.5429064748201439 0.07896631823461092 0.04843165467625895
0 0.6013588850174216 0.5409064748201439 0.03401858304297325 0.020438848920863367
11 0.6412427409988386 0.5598201438848921 0.03428571428571427 0.03827338129496406
7 0.6401509872241581 0.5303093525179856 0.04551684088269461 0.028834532374100667
7 0.5576538908246225 0.5156690647482014 0.037502903600464536 0.033151079136690596
11 0.5546922183507549 0.550863309352518 0.030522648083623663 0.04275539568345328
8 0.30443670150987223 0.513589928057554 0.017653890824622584 0.022589928057554023
8 0.6203948896631825 0.4845179856115108 0.025632984901277776 0.021223021582733814