11 0.631335656213705 0.7634028776978418 0.14344947735191638 0.18341007194244607
0 0.4606039488966318 0.7740719424460432 0.08033681765389078 0.05845323741007194
5 0.4613821138211382 0.7067985611510792 0.12833914053426249 0.11815827338129506
8 0.6309407665505227 0.6117122302158273 0.18871080139372826 0.14140287769784168
6 0.8655400696864112 0.6340143884892087 0.22429732868757246 0.1428489208633093
8 0.23859465737514518 0.6359280575539569 0.09500580720092916 0.09871942446043168
6 0.1500116144018583 0.7093309352517986 0.1454006968641115 0.11992086330935256
11 0.06767711962833914 0.7361510791366906 0.12386759581881533 0.05056115107913675
8 0.3170847851335656 0.628294964028777 0.0775145180023229 0.06851079136690649
7 0.4890011614401858 0.5686762589928058 0.09732868757258996 0.06310791366906476
11 0.48126596980255515 0.61968345323741 0.06250871080139378 0.055776978417266164
8 0.2878281068524971 0.551 0.06253193960511037 0.06370503597122298
8 0.15156794425087108 0.5412661870503597 0.05843205574912892 0.04123021582733809
8 0.8266666666666667 0.5236618705035971 0.05448315911730555 0.034489208633093564
8 0.08216027874564459 0.5310287769784172 0.047665505226480824 0.02547482014388495
8 0.03569105691056911 0.5329064748201439 0.050452961672473866 0.02363309352517979
10 0.2248780487804878 0.5429064748201439 0.07896631823461092 0.04843165467625895
0 0.3986411149825784 0.5409064748201439 0.03401858304297325 0.020438848920863367
11 0.3587572590011614 0.5598201438848921 0.03428571428571427 0.03827338129496406
7 0.359849012775842 0.5303093525179856 0.045516840882694476 0.028834532374100667
7 0.4423461091753775 0.5156690647482014 0.037502903600464536 0.033151079136690596
11 0.4453077816492451 0.550863309352518 0.030522648083623663 0.04275539568345328
8 0.6955632984901278 0.513589928057554 0.017653890824622584 0.022589928057554023
8 0.3796051103368176 0.4845179856115108 0.025632984901277644 0.021223021582733814