11 0.899525 0.7151388888888889 0.14043749999999988 0.41636574074074073
8 0.9119499999999999 0.3467824074074074 0.1500125 0.42041666666666666
11 0.2808875 0.6960879629629629 0.12322499999999997 0.4091666666666666
11 0.1569375 0.7488194444444445 0.16973749999999999 0.3448611111111112
8 0.287475 0.3656712962962963 0.11911250000000002 0.34761574074074075
4 0.09568750000000001 0.4624074074074074 0.1839 0.4278935185185186
11 0.5492625 0.747662037037037 0.09547499999999999 0.43773148148148155
11 0.44872500000000004 0.6567361111111111 0.10561250000000001 0.3973148148148148
10 0.4977375 0.2667824074074074 0.15631249999999994 0.2758333333333333
7 0.692325 0.6034953703703704 0.24063749999999998 0.5737731481481482
11 0.6912625 0.925787037037037 0.21142499999999992 0.1484027777777778