11 0.100475 0.7151388888888889 0.14043749999999988 0.41636574074074073
8 0.08805000000000007 0.3467824074074074 0.1500125 0.42041666666666666
11 0.7191124999999999 0.6960879629629629 0.1232249999999999 0.4091666666666666
11 0.8430625 0.7488194444444445 0.16973749999999996 0.3448611111111112
8 0.712525 0.3656712962962963 0.11911249999999995 0.34761574074074075
4 0.9043125000000001 0.4624074074074074 0.18389999999999987 0.4278935185185186
11 0.45073749999999996 0.747662037037037 0.09547499999999999 0.43773148148148155
11 0.551275 0.6567361111111111 0.10561250000000001 0.3973148148148148
10 0.5022625000000001 0.2667824074074074 0.15631249999999994 0.27583333333333326
7 0.307675 0.6034953703703704 0.24063749999999998 0.5737731481481482
11 0.3087375 0.925787037037037 0.21142499999999986 0.1484027777777778