11 0.9329556650246306 0.5735714285714285 0.052983814215341284 0.4510357142857144
11 0.7304292751583392 0.595 0.06291344123856446 0.377
11 0.6311400422237861 0.6222857142857143 0.0516396903589021 0.3276428571428572
11 0.5108796622097115 0.6157857142857143 0.06186488388458838 0.23675000000000007
11 0.4132512315270936 0.5777857142857142 0.04229415904292745 0.24517857142857155
11 0.29388458831808584 0.5966071428571429 0.05262491203377901 0.39975000000000005
11 0.1756650246305418 0.6147857142857143 0.03623504574243475 0.2542857142857142
11 0.06051372273047151 0.6008571428571429 0.06180858550316673 0.37571428571428567
6 0.8389232934553132 0.35082142857142856 0.060879662209711624 0.23667857142857146
6 0.17758620689655166 0.41382142857142856 0.055425756509500504 0.3392857142857143
9 0.8455735397607318 0.5089285714285714 0.04757213230119628 0.14385714285714277
10 0.9489584799437016 0.36803571428571424 0.06088669950738915 0.2542142857142857
7 0.7391273750879662 0.3297142857142857 0.07622097114707949 0.24253571428571427
7 0.6355594651653765 0.36607142857142855 0.04409570724841667 0.23732142857142854
7 0.41011963406052077 0.3806785714285714 0.049697396199859176 0.26007142857142856
10 0.5187473610133708 0.39917857142857144 0.06532019704433494 0.2646071428571429
7 0.31371569317382125 0.3517857142857143 0.06977480647431393 0.23475000000000007
10 0.06684729064039409 0.3245 0.07345531315974674 0.25810714285714287
7 0.8385362420830401 0.3501785714285714 0.023258268824771416 0.21207142857142855