0 0.06096947935368043 0.51025 0.07777378815080792 0.1469642857142857
0 0.22193895870736086 0.5096071428571428 0.06858168761220824 0.13771428571428573
0 0.39840215439856375 0.5172857142857143 0.08371633752244165 0.13717857142857146
0 0.566229802513465 0.5060357142857143 0.08955116696588868 0.13849999999999996
0 0.7468761220825852 0.5123928571428571 0.09312387791741474 0.15121428571428566
0 0.9242728904847398 0.5150357142857143 0.08619389587073607 0.1353214285714285
8 0.07938958707360862 0.3725357142857143 0.0973249551166966 0.18107142857142852
8 0.23044883303411134 0.37175 0.08560143626570917 0.18478571428571433
8 0.40518850987432675 0.3742857142857143 0.09994614003590667 0.1818571428571428
8 0.5700718132854578 0.36792857142857144 0.09461400359066435 0.19032142857142853
8 0.7363016157989228 0.3667142857142857 0.08129263913824053 0.20117857142857137
8 0.9157630161579892 0.3713571428571429 0.0904488330341113 0.18135714285714286