11 0.06704433497536945 0.5735714285714285 0.052983814215341304 0.4510357142857144
11 0.2695707248416608 0.595 0.06291344123856438 0.377
11 0.36885995777621394 0.6222857142857143 0.05163969035890214 0.3276428571428572
11 0.4891203377902885 0.6157857142857143 0.06186488388458838 0.23675000000000007
11 0.5867487684729064 0.5777857142857142 0.04229415904292745 0.2451785714285715
11 0.7061154116819142 0.5966071428571429 0.05262491203377901 0.39975000000000005
11 0.8243349753694582 0.6147857142857143 0.03623504574243475 0.2542857142857142
11 0.9394862772695285 0.6008571428571429 0.06180858550316673 0.37571428571428567
6 0.16107670654468684 0.35082142857142856 0.060879662209711465 0.23667857142857146
6 0.8224137931034483 0.41382142857142856 0.055425756509500504 0.3392857142857143
9 0.15442646023926812 0.5089285714285714 0.047572132301196356 0.14385714285714282
10 0.05104152005629838 0.36803571428571424 0.06088669950738915 0.25421428571428567
7 0.2608726249120338 0.3297142857142857 0.07622097114707957 0.24253571428571427
7 0.3644405348346235 0.36607142857142855 0.044095707248416625 0.23732142857142854
7 0.5898803659394792 0.3806785714285714 0.049697396199859176 0.26007142857142856
10 0.4812526389866291 0.39917857142857144 0.06532019704433494 0.2646071428571429
7 0.6862843068261788 0.3517857142857143 0.06977480647431393 0.23475000000000007
10 0.9331527093596059 0.3245 0.07345531315974674 0.25810714285714287
7 0.16146375791695988 0.3501785714285714 0.023258268824771295 0.21207142857142855