0 0.9390305206463195 0.51025 0.07777378815080789 0.14696428571428563
0 0.7780610412926391 0.5096071428571428 0.06858168761220834 0.13771428571428573
0 0.6015978456014364 0.5172857142857143 0.08371633752244165 0.1371785714285715
0 0.43377019748653506 0.5060357142857143 0.08955116696588868 0.1384999999999999
0 0.25312387791741475 0.5123928571428571 0.09312387791741474 0.15121428571428563
0 0.07572710951526024 0.5150357142857143 0.08619389587073607 0.1353214285714285
8 0.9206104129263913 0.3725357142857143 0.09732495511669666 0.18107142857142852
8 0.7695511669658887 0.37175 0.08560143626570928 0.18478571428571433
8 0.5948114901256732 0.3742857142857143 0.09994614003590657 0.1818571428571428
8 0.42992818671454225 0.36792857142857144 0.09461400359066435 0.19032142857142853
8 0.2636983842010772 0.3667142857142857 0.08129263913824053 0.20117857142857137
8 0.0842369838420108 0.3713571428571429 0.0904488330341113 0.18135714285714286