11 0.08942307692307692 0.771 0.09561538461538462 0.17374999999999993
11 0.2856923076923077 0.7785357142857143 0.09503846153846157 0.1756071428571429
11 0.4673076923076923 0.7744285714285715 0.08503846153846159 0.16474999999999998
11 0.6795384615384615 0.7806428571428572 0.09357692307692302 0.17982142857142866
11 0.8809615384615385 0.7838214285714286 0.12599999999999997 0.1756071428571429
11 0.8775384615384615 0.3072142857142857 0.13057692307692303 0.1615
11 0.6734230769230769 0.30428571428571427 0.0898461538461539 0.1609642857142857
11 0.48396153846153844 0.3033571428571428 0.08134615384615387 0.16703571428571432
11 0.29196153846153844 0.3033571428571428 0.08476923076923074 0.16703571428571432
11 0.09496153846153847 0.3015 0.08680769230769231 0.16864285714285715
6 0.0988076923076923 0.15242857142857144 0.1429230769230769 0.1429285714285714
6 0.2883846153846154 0.16021428571428573 0.1375 0.15060714285714283
6 0.4825384615384615 0.1547857142857143 0.1411538461538462 0.15300000000000002
6 0.6842307692307692 0.15560714285714286 0.13430769230769238 0.14928571428571427
6 0.8475 0.16392857142857142 0.1018076923076922 0.15799999999999997
6 0.09765384615384616 0.6281428571428571 0.14065384615384613 0.1419642857142857
6 0.27399999999999997 0.6285357142857143 0.10015384615384612 0.15600000000000003
6 0.47342307692307695 0.6366071428571428 0.1229230769230769 0.16949999999999993
6 0.6718461538461539 0.6295714285714286 0.14084615384615387 0.15810714285714278
6 0.8526153846153847 0.637 0.11207692307692302 0.16235714285714278