7 0.7441875 0.23610486891385768 0.08752499999999998 0.13531835205992512
8 0.9365875 0.25426966292134834 0.09773750000000007 0.16988764044943816
11 0.7363875 0.39780898876404497 0.061812500000000055 0.21286516853932577
11 0.8404375000000001 0.44114232209737825 0.08689999999999998 0.19913857677902627
11 0.9214875 0.3958614232209738 0.07741250000000008 0.13638576779026215
11 0.49402500000000005 0.37855805243445695 0.04007499999999993 0.1203183520599251
11 0.6399250000000001 0.40312734082397006 0.05346250000000005 0.16018726591760304
11 0.56265 0.4043632958801498 0.05873750000000001 0.1317602996254682
11 0.24665000000000006 0.9551123595505617 0.027737500000000068 0.057303370786516684
6 0.841425 0.29063670411985015 0.07181250000000006 0.14840823970037453
6 0.5490375000000001 0.291498127340824 0.06348749999999996 0.1392883895131086
7 0.6483875 0.28823970037453184 0.054375 0.0926404494382022
7 0.49222499999999997 0.28191011235955055 0.04680000000000007 0.09541198501872657
10 0.42835 0.3014606741573034 0.037625000000000026 0.05262172284644199
7 0.4545375 0.2995131086142322 0.03391249999999999 0.0688389513108614
11 0.27356250000000004 0.34651685393258425 0.013462499999999978 0.048951310861423195
10 0.2734375 0.31445692883895127 0.0211375000000001 0.024737827715355768
4 0.39268749999999997 0.3000749063670412 0.034650000000000035 0.05720973782771538
11 0.21931250000000005 0.8857677902621723 0.020387499999999933 0.05116104868913867
11 0.5579999999999999 0.8092134831460674 0.024037500000000024 0.04837078651685401
11 0.5735750000000001 0.8833895131086142 0.016175000000000068 0.04921348314606736
11 0.5946625 0.8932209737827715 0.01313749999999999 0.042921348314606665
10 0.5967625000000001 0.8602808988764045 0.019825000000000016 0.0494007490636704
6 0.57615 0.8449812734082397 0.019449999999999933 0.03919475655430702
10 0.560075 0.7739887640449439 0.038075000000000046 0.04011235955056172
6 0.24362499999999998 0.9038951310861424 0.03008749999999992 0.047546816479400726
6 0.21451250000000002 0.8417228464419476 0.02564999999999998 0.053108614232209764
11 0.19522499999999993 0.7032209737827715 0.024325000000000045 0.04513108614232214
6 0.18885000000000005 0.6653932584269663 0.034250000000000114 0.046516853932584326
11 0.15150000000000005 0.38436329588014984 0.013562499999999887 0.035580524344569285
11 0.1767125 0.3389887640449438 0.01146250000000009 0.03204119850187268
11 0.16784999999999997 0.389063670411985 0.008112500000000012 0.025468164794007535
4 0.16457499999999997 0.36187265917602995 0.016287499999999965 0.03975655430711614