10 0.7016916666666666 0.3486222222222222 0.16428333333333323 0.38694814814814804
4 0.9016833333333333 0.32922962962962965 0.18117499999999997 0.34814814814814815
6 0.4947416666666667 0.3086222222222222 0.18899999999999997 0.3850518518518518
6 0.30967500000000003 0.26564444444444446 0.1751916666666667 0.3071851851851852
6 0.13316666666666663 0.2575703703703704 0.1348749999999999 0.4311111111111111
11 0.12748333333333334 0.6624592592592593 0.11139166666666672 0.49207407407407405
11 0.3071 0.6440148148148148 0.12640833333333337 0.49017777777777777
11 0.4999583333333334 0.6104740740740742 0.14719166666666675 0.5981925925925925
11 0.6992666666666667 0.6891259259259259 0.10489166666666677 0.33528888888888897
11 0.903725 0.6885925925925926 0.13956666666666667 0.4096444444444444
10 0.891 0.34026666666666666 0.06769166666666668 0.28942222222222225
12 0.490725 0.23115555555555556 0.05007499999999993 0.1735703703703704