10 0.29830833333333334 0.3486222222222222 0.1642833333333333 0.38694814814814804
4 0.09831666666666666 0.32922962962962965 0.181175 0.3481481481481482
6 0.5052583333333333 0.3086222222222222 0.18899999999999997 0.3850518518518518
6 0.690325 0.26564444444444446 0.1751916666666667 0.3071851851851852
6 0.8668333333333333 0.2575703703703704 0.1348749999999999 0.4311111111111111
11 0.8725166666666666 0.6624592592592593 0.11139166666666672 0.49207407407407405
11 0.6929 0.6440148148148148 0.12640833333333337 0.49017777777777777
11 0.5000416666666666 0.6104740740740742 0.14719166666666672 0.5981925925925926
11 0.30073333333333335 0.6891259259259259 0.10489166666666667 0.33528888888888897
11 0.096275 0.6885925925925926 0.13956666666666664 0.40964444444444453
10 0.10900000000000001 0.34026666666666666 0.06769166666666668 0.28942222222222225
12 0.509275 0.23115555555555556 0.05007499999999993 0.17357037037037037