11 0.34177826086956525 0.8741565217391305 0.06964347826086958 0.25166956521739126
11 0.4110304347826087 0.8642260869565218 0.0688695652173913 0.2715478260869564
11 0.1614826086956522 0.7896869565217391 0.08349565217391303 0.4206260869565217
11 0.10433913043478261 0.7921739130434783 0.0655695652173913 0.41565217391304343
11 0.5914521739130435 0.8331652173913043 0.08203478260869557 0.33366956521739133
11 0.65966796875 0.8427734375 0.0615234375 0.314453125
11 0.8408203125 0.8486328125 0.078125 0.302734375
11 0.9119956521739131 0.8294434782608696 0.06818260869565207 0.34111304347826077
10 0.09868695652173913 0.42076521739130435 0.08283478260869567 0.5125913043478261
10 0.1709217391304348 0.4312 0.07952173913043481 0.36448695652173924
10 0.33985217391304345 0.5626434782608696 0.08939130434782605 0.4634086956521739
10 0.40842608695652177 0.4744347826086957 0.09644347826086952 0.5404173913043478
10 0.5885304347826087 0.4920695652173913 0.09483043478260877 0.4017739130434783
10 0.6641869565217392 0.42796521739130444 0.08430000000000004 0.5220347826086957
10 0.8381434782608697 0.5805391304347827 0.10336956521739138 0.4992000000000001
10 0.9117478260869566 0.47318260869565215 0.09352173913043482 0.5031478260869565