6 0.596275 0.706256 0.22893333333333335 0.5692960000000001
11 0.77 0.9368 0.14166666666666666 0.1264
11 0.9198749999999999 0.9148 0.15719166666666676 0.1704
4 0.9158999999999999 0.63664 0.1681916666666666 0.5954240000000002
4 0.7730833333333333 0.54624 0.25355833333333333 0.7186240000000002
4 0.2644916666666667 0.5354399999999999 0.17370000000000005 0.8170240000000002
4 0.4112166666666667 0.596784 0.21020833333333333 0.726368
4 0.12285000000000006 0.6118399999999999 0.2456916666666666 0.7004959999999999
7 0.06790833333333333 0.48244799999999993 0.09025000000000015 0.28896000000000005
10 0.4349 0.42273599999999995 0.0915833333333334 0.31694400000000006
9 0.6038416666666667 0.9105280000000001 0.15379999999999996 0.17894399999999988
11 0.09575000000000007 0.8008 0.1612166666666667 0.3984
11 0.399975 0.7801279999999999 0.17060000000000003 0.43972800000000006