11 0.379775 0.8652996254681647 0.19133750000000002 0.26940074906367045
11 0.124375 0.8520599250936329 0.24875 0.2958801498127341
11 0.61625 0.8614232209737828 0.2075 0.27715355805243447
11 0.8675 0.8558052434456929 0.265 0.2883895131086142
10 0.1472 0.5814232209737829 0.27797499999999997 0.3624157303370786
8 0.16372499999999998 0.5919850187265918 0.159225 0.25780898876404484
12 0.6049375 0.6746629213483146 0.21667500000000003 0.375
7 0.3733625 0.6261048689138576 0.235775 0.31801498127340827
7 0.844325 0.6450936329588015 0.29922500000000013 0.425561797752809
12 0.35308750000000005 0.6235580524344569 0.09238749999999996 0.19252808988764034
8 0.8454625 0.6481647940074906 0.19986250000000014 0.273876404494382